 5.40000000e+001
 1.25000000e+002
 6.40000000e+001
 8.70000000e+001
 5.20000000e+001
 1.19000000e+002
 5.00000000e+001
 1.08000000e+002
 1.64000000e+002
 1.18000000e+002
 9.00000000e+001
 8.00000000e+001
 1.36000000e+002
 4.60000000e+001
 1.08000000e+002
 1.10000000e+002
 1.02000000e+002
 8.50000000e+001
 7.40000000e+001
 9.20000000e+001
 8.60000000e+001
 2.31000000e+002
 1.56000000e+002
 4.20000000e+001
 1.10000000e+002
 1.98000000e+002
 1.10000000e+002
 4.00000000e+001
 1.05000000e+002
 1.13000000e+002
 2.15000000e+002
 9.30000000e+001
 1.62000000e+002
 4.70000000e+001
 6.50000000e+001
 1.50000000e+002
 8.70000000e+001
 6.70000000e+001
 1.61000000e+002
 3.05000000e+002
 1.28000000e+002
 5.60000000e+001
 1.48000000e+002
 6.70000000e+001
 6.80000000e+001
 2.85000000e+002
 7.40000000e+001
 1.20000000e+001
 1.64000000e+002
 1.38000000e+002
 1.75000000e+002
 8.60000000e+001
 1.63000000e+002
 4.97000000e+002
 2.06000000e+002
 1.49000000e+002
 1.62000000e+002
 1.75000000e+002
 1.30000000e+002
 1.25000000e+002
 1.39000000e+002
 1.44000000e+002
 3.46000000e+002
 1.34800000e+003
 3.70000000e+002
 7.58000000e+002
 1.77000000e+002
 9.63000000e+002
 4.70000000e+002
 9.25000000e+002
 1.49600000e+003
 1.28000000e+002
 4.47000000e+002
 2.88000000e+002
 3.23000000e+002
 8.02000000e+002
 7.62000000e+002
 2.62000000e+002
 5.11000000e+002
 7.72000000e+002
 1.06000000e+002
 4.25000000e+002
 2.82000000e+002
 6.05000000e+002
 4.03000000e+002
 4.73000000e+002
 6.68000000e+002
 3.72000000e+002
 3.03000000e+002
 6.22000000e+002
 4.37000000e+002
 7.61000000e+002
 8.15000000e+002
 1.01000000e+002
 1.80700000e+003
 1.48000000e+002
 1.34000000e+002
 1.09000000e+002
 1.62700000e+003
 1.16000000e+002
 1.08000000e+002
 9.30000000e+001
 5.30000000e+001
 6.60000000e+001
 6.30000000e+001
 2.90000000e+001
 4.70000000e+001
 2.12800000e+003
 2.96000000e+002
 2.90000000e+002
 4.70000000e+001
 3.09000000e+002
 1.02000000e+002
 5.10000000e+001
 6.40000000e+001
 9.00000000e+001
 6.80000000e+001
 1.62000000e+002
 9.70000000e+001
 7.80000000e+001
 2.24800000e+003
 6.30000000e+001
 8.80000000e+001
 7.00000000e+001
 8.50000000e+001
 6.60000000e+001
 6.20000000e+001
 8.91000000e+002
 1.69000000e+002
 1.22000000e+003
 3.55000000e+002
 3.21000000e+002
 2.44000000e+002
 7.25000000e+002
 1.19000000e+002
 6.80000000e+001
 9.90000000e+001
 5.90000000e+001
 4.60000000e+001
 7.00000000e+001
 2.03000000e+002
 2.70000000e+001
 8.00000000e+001
 2.50000000e+001
 1.26000000e+002
 1.07000000e+002
 8.10000000e+001
 1.08000000e+002
 6.70000000e+001
 6.70000000e+001
 6.16900000e+003
 1.08000000e+002
 7.40000000e+001
 1.28000000e+002
 1.01000000e+002
 5.73000000e+002
 4.25000000e+002
 1.58300000e+003
 3.14000000e+002
 2.25020000e+004
 2.79000000e+002
 2.05000000e+002
 5.66000000e+002
 7.55000000e+002
 4.29000000e+002
 8.28000000e+002
 6.43000000e+002
 5.21000000e+002
 4.43000000e+002
 4.84000000e+002
 5.05000000e+002
 4.10000000e+002
 7.40000000e+001
 9.20000000e+001
 2.08000000e+002
 1.49000000e+002
 1.14000000e+002
 1.26000000e+002
 1.69000000e+002
 1.79000000e+002
 1.61000000e+002
 4.53000000e+002
 2.40000000e+002
 5.02000000e+002
 9.33000000e+002
 6.56000000e+002
 8.23000000e+002
 9.43000000e+002
 2.84200000e+003
 2.17600000e+003
 8.16000000e+002
 7.78000000e+002
 7.16000000e+002
 8.67000000e+002
 1.98500000e+003
 8.30000000e+002
 3.45000000e+002
 3.51000000e+002
 1.17000000e+002
 9.40000000e+001
 1.58000000e+002
 5.69000000e+002
 8.88000000e+002
 1.22300000e+003
 6.76000000e+002
 6.70000000e+002
 1.05400000e+003
 4.15000000e+002
 1.05900000e+003
 8.33000000e+002
 4.09000000e+002
 3.67000000e+002
 1.56000000e+002
 1.13000000e+002
 2.22000000e+002
 1.01000000e+002
 1.25000000e+002
 2.01000000e+002
 2.74000000e+002
 1.19000000e+002
 2.24000000e+002
 5.76000000e+002
 3.49000000e+002
 3.12000000e+002
 1.25800000e+003
 5.86000000e+002
 3.53000000e+002
 2.17000000e+002
 5.41000000e+002
 3.90000000e+002
 2.26900000e+003
 1.19900000e+003
 4.26000000e+002
 7.03000000e+002
 3.70000000e+002
 1.01800000e+003
 5.25000000e+002
 2.14000000e+002
 6.21000000e+002
 1.16500000e+003
 2.48800000e+003
 5.96000000e+002
 6.58000000e+002
 3.06000000e+002
 2.95000000e+002
 2.07000000e+002
 1.78000000e+002
 2.04000000e+002
 7.60000000e+001
 1.31000000e+002
 9.80000000e+001
 3.57000000e+002
 1.67000000e+002
 6.64000000e+002
 6.40000000e+001
 1.02100000e+003
 6.51000000e+002
 6.54000000e+002
 4.78000000e+002
 3.44000000e+002
 3.95000000e+002
 5.32000000e+002
 3.88000000e+002
 2.33000000e+002
 2.75000000e+002
 5.60000000e+002
 1.09000000e+002
 1.36000000e+002
 1.19000000e+002
 1.64000000e+002
 1.26000000e+002
 2.01000000e+002
 3.90000000e+001
 1.33000000e+002
 1.43400000e+003
 1.50000000e+002
 1.20000000e+002
 1.82000000e+002
 1.80000000e+002
 9.30000000e+001
 6.90000000e+001
 6.70000000e+001
 1.48000000e+002
 3.04000000e+002
 1.14000000e+002
 2.60000000e+002
 1.24000000e+002
 3.04000000e+002
 4.40000000e+001
 2.67000000e+002
 1.99000000e+002
 3.10000000e+001
 2.17000000e+002
 1.80000000e+002
 3.06000000e+002
 2.76000000e+002
 4.09000000e+002
 2.99000000e+002
 2.01000000e+002
 2.72000000e+002
 1.68000000e+002
 1.93000000e+002
 2.29000000e+002
 3.15000000e+002
 2.40000000e+002
 1.74000000e+002
 1.69000000e+002
 1.99000000e+002
 3.03000000e+002
 2.73000000e+002
 1.53000000e+002
 1.77000000e+002
 3.20000000e+002
 4.03000000e+002
 2.16000000e+002
 3.16000000e+002
 1.60900000e+003
 6.60000000e+001
 3.34000000e+002
 3.61000000e+002
 5.96000000e+002
 2.75000000e+002
 4.24000000e+002
 5.46000000e+002
 4.29000000e+002
 6.96000000e+002
 5.59000000e+002
 5.36000000e+002
 3.15000000e+002
 1.46000000e+002
 3.68000000e+002
 3.17000000e+002
 4.25000000e+002
 2.29000000e+002
 5.00000000e+002
 3.17000000e+002
 7.95000000e+002
 1.28200000e+003
 1.18200000e+003
 4.70000000e+001
 1.56800000e+003
 1.56800000e+003
 8.85000000e+002
 1.32200000e+003
 3.16000000e+002
 4.01000000e+002
 5.00000000e+002
 5.91000000e+002
 5.42000000e+002
 5.49000000e+002
 2.36000000e+002
 2.04000000e+002
 4.97000000e+002
 4.80000000e+001
 3.29000000e+002
 5.39000000e+002
 4.29000000e+002
 4.57000000e+002
 7.63000000e+002
 3.57000000e+002
 3.20000000e+002
 2.56000000e+002
 2.66000000e+002
 4.20000000e+001
 4.17000000e+002
 1.99000000e+002
 4.09000000e+002
 2.21000000e+002
 1.96000000e+002
 5.55000000e+002
 5.30000000e+001
 2.61000000e+002
 2.27000000e+002
 3.76000000e+002
 3.86000000e+002
 4.93000000e+002
 3.51000000e+002
 3.72000000e+002
 1.60000000e+002
 1.96000000e+002
 2.17000000e+002
 2.99000000e+002
 2.10000000e+002
 2.91000000e+002
 2.15000000e+002
 3.68000000e+002
 1.91000000e+002
 3.09000000e+002
 3.31000000e+002
 1.72000000e+002
 3.67000000e+002
 2.12000000e+002
 4.69000000e+002
 4.45000000e+002
 2.10000000e+002
 1.61000000e+002
 2.61000000e+002
 1.68000000e+002
 2.34000000e+002
 2.31000000e+002
 3.41000000e+002
 2.48000000e+002
 2.64000000e+002
 2.98000000e+002
 2.33000000e+002
 2.34000000e+002
 1.86000000e+002
 1.83000000e+002
 3.26000000e+002
 2.55000000e+002
 2.31000000e+002
 1.71000000e+002
 1.56000000e+002
 3.39000000e+002
 1.85000000e+002
 2.15000000e+002
 1.95000000e+002
 3.68000000e+002
 1.87000000e+002
 2.10000000e+002
 2.03000000e+002
 2.23000000e+002
 1.57000000e+002
 1.53000000e+002
 2.23000000e+002
 1.73000000e+002
 1.39000000e+002
 2.24000000e+002
 2.03000000e+002
 3.81000000e+002
 1.92000000e+002
 1.68000000e+002
 1.47000000e+002
 2.23000000e+002
 2.30000000e+002
 1.77000000e+002
 1.77000000e+002
 2.21000000e+002
 1.42000000e+002
 1.51000000e+002
 1.38000000e+002
 2.03000000e+002
 1.97000000e+002
 1.63000000e+002
 2.09000000e+002
 1.77000000e+002
 2.62000000e+002
 1.14000000e+002
 1.98000000e+002
 1.35000000e+002
 1.89000000e+002
 1.73000000e+002
 1.92000000e+002
 2.29000000e+002
 2.52000000e+002
 1.49000000e+002
 2.07000000e+002
 9.70000000e+001
 1.53000000e+002
 1.33000000e+002
 1.93000000e+002
 1.41000000e+002
 1.13000000e+002
 1.42000000e+002
 1.74000000e+002
 1.75000000e+002
 1.08000000e+002
 1.59000000e+002
 1.19000000e+002
 1.52000000e+002
 1.80000000e+002
 1.94000000e+002
 1.50000000e+002
 1.10000000e+002
 1.65000000e+002
 1.21000000e+002
 1.68000000e+002
 1.12000000e+002
 1.99000000e+002
 1.81000000e+002
 1.08000000e+002
 1.10000000e+002
 8.60000000e+001
 1.47000000e+002
 1.06000000e+002
 1.14000000e+002
 7.20000000e+001
 1.37000000e+002
 9.70000000e+001
 6.00000000e+001
 2.61000000e+002
 1.17000000e+002
 2.80000000e+002
 6.15000000e+002
 7.97000000e+002
 6.25000000e+002
 2.69000000e+002
 4.57000000e+002
 4.12000000e+002
 3.94000000e+002
 2.11000000e+002
 2.34000000e+002
 6.49000000e+002
 1.55000000e+002
 2.70000000e+002
 2.66000000e+002
 3.89000000e+002
 2.20000000e+002
 3.14000000e+002
 1.68000000e+002
 4.27000000e+002
 1.74000000e+002
 4.27000000e+002
 1.33000000e+002
 1.86000000e+002
 1.47000000e+002
 1.82000000e+002
 1.12000000e+002
 2.11000000e+002
 1.33000000e+002
 1.36000000e+002
 9.40000000e+001
 9.20000000e+001
 1.94000000e+002
 1.65000000e+002
 8.60000000e+001
 1.01000000e+002
 1.16000000e+002
 8.50000000e+001
 1.30000000e+002
 9.80000000e+001
 1.13000000e+002
 1.40000000e+002
 8.50000000e+001
 1.39000000e+002
 1.80000000e+002
 9.80000000e+001
 1.01000000e+002
 6.90000000e+001
 1.35000000e+002
 1.15000000e+002
 9.30000000e+001
 3.50000000e+001
 8.80000000e+001
 7.90000000e+001
 7.80000000e+001
 9.70000000e+001
 1.97000000e+002
 1.97000000e+002
 1.01000000e+002
 1.71000000e+002
 7.30000000e+001
 1.61000000e+002
 1.41000000e+002
 1.76000000e+002
 1.17000000e+002
 1.22000000e+002
 2.24000000e+002
 2.20000000e+002
 1.85000000e+002
 1.07000000e+002
 1.62000000e+002
 1.62000000e+002
 1.13000000e+002
 1.47000000e+002
 1.61000000e+002
 1.25000000e+002
 1.08000000e+002
 1.41000000e+002
 1.19000000e+002
 7.40000000e+001
 7.60000000e+001
 7.00000000e+001
 7.50000000e+001
 7.40000000e+001
 6.80000000e+001
 8.90000000e+001
 6.40000000e+001
 1.30000000e+002
 6.20000000e+001
 5.40000000e+001
 7.40000000e+001
 1.75000000e+002
 7.90000000e+001
 7.00000000e+001
 6.00000000e+001
 3.60000000e+001
 1.50000000e+002
 8.60000000e+001
 4.70000000e+001
 4.80000000e+001
 7.90000000e+001
 6.80000000e+001
 6.20000000e+001
 7.60000000e+001
 7.40000000e+001
 1.67000000e+002
 8.10000000e+001
 3.70000000e+001
 7.20000000e+001
 1.73000000e+002
 7.00000000e+001
 1.51000000e+002
 6.90000000e+001
 3.20000000e+001
 6.60000000e+001
 8.40000000e+001
 4.40000000e+001
 4.70000000e+001
 6.10000000e+001
 4.20000000e+001
 1.41000000e+002
 1.78000000e+002
 8.60000000e+001
 9.40000000e+001
 6.40000000e+001
 1.72000000e+002
 3.10000000e+001
 5.90000000e+001
 3.10000000e+001
 3.50000000e+001
 2.90000000e+001
 5.20000000e+001
 2.40000000e+001
 4.90000000e+001
 5.50000000e+001
 3.60000000e+001
 3.60000000e+001
 4.00000000e+001
 4.60000000e+001
 4.10000000e+001
 7.40000000e+001
 3.40000000e+001
 1.70000000e+001
 4.00000000e+001
 2.10000000e+001
 3.10000000e+001
 3.70000000e+001
 1.50000000e+001
 1.90000000e+001
 1.30000000e+001
 2.60000000e+001
 2.20000000e+001
 4.30000000e+001
 3.40000000e+001
 2.90000000e+001
 3.50000000e+001
 2.50000000e+001
 2.50000000e+001
 4.90000000e+001
 4.10000000e+001
 2.30000000e+001
 2.20000000e+001
 2.60000000e+001
 3.50000000e+001
 9.40000000e+001
 4.90000000e+001
 4.50000000e+001
 3.90000000e+001
 9.10000000e+001
 1.06000000e+002
 4.00000000e+001
 2.10000000e+001
 2.60000000e+001
 1.60000000e+001
 3.10000000e+001
 3.80000000e+001
 2.60000000e+001
 3.20000000e+001
 4.30000000e+001
 3.90000000e+001
 5.30000000e+001
 3.90000000e+001
 9.30000000e+001
 4.20000000e+001
 7.10000000e+001
 1.60000000e+001
 8.50000000e+001
 3.50000000e+001
 6.00000000e+001
 1.70000000e+001
 3.90000000e+001
 2.80000000e+001
 1.30000000e+001
 1.10000000e+001
 3.50000000e+001
 2.10000000e+001
 2.10000000e+001
 2.00000000e+001
 3.00000000e+001
 1.20000000e+001
 5.20000000e+001
 3.30000000e+001
 5.30000000e+001
 2.60000000e+001
 5.70000000e+001
 3.20000000e+001
 1.90000000e+001
 2.40000000e+001
 2.80000000e+001
 1.40000000e+001
 3.40000000e+001
 2.20000000e+001
 2.00000000e+001
 3.10000000e+001
 8.80000000e+001
 1.50000000e+001
 1.50000000e+001
 9.00000000e+000
 3.20000000e+001
 1.30000000e+001
 9.00000000e+000
 2.80000000e+001
 5.10000000e+001
 2.50000000e+001
 1.30000000e+001
 1.30000000e+001
 4.40000000e+001
 1.30000000e+001
 6.00000000e+000
 5.30000000e+001
 5.00000000e+000
 1.40000000e+001
 7.00000000e+000
 9.00000000e+000
 1.60000000e+001
 1.40000000e+001
 1.00000000e+001
 1.20000000e+001
 6.00000000e+000
 2.00000000e+000
 1.00000000e+000
 0.00000000e+000
 0.00000000e+000
 0.00000000e+000
 2.00000000e+000
 3.00000000e+000
 1.00000000e+000
 5.00000000e+001
 9.00000000e+000
